* Banaszak   Lolita f    BPHKPLPKXXX   PL61123400110011000012300678     16/12/2016 0123456789
 1 10 23 30 38   2 4 
 9 24 26 33 40   2 6
 8 14 26 33 47   4 9
 7 12 15 16 30   1 2
 6 14 20 27 28   1 7
* Fajfus Tadeusz     m    ALBPPLPWXXX  PL61123456780002200022346678   6/12/2016  0123456789
 7 13 21 37 41   1 6
 3  6 23 40 41   3 8
 6 17 23 24 35   5 10
15 30 33 34 37   5 7
 6  7  8 26 34   4 10
 8 10 15 25 31   3 4
* Burak Helena       F    WBKPPLPPXXX    PL62123456780001100011345611    28/11/2016 0123456789
15 30 33 34 37   5 7
 6  7  8 26 34   4 10
 8 10 15 25 31   3 4
* Pawlik Pamela      F    POLUPLPRXXX  PL63123456780000000012345678      24/11/2016  0123456789
 6 17 23 24 35   5 10
15 30 33 34 37   5 7
 6  7  8 26 34   4 10
 8 10 15 25 31   3 4
* Mielnus Katarzyna  F    CITIPLPXXXX   PL64123456003333000012345600     2/12/2016  0123456789
 6 17 23 24 35   5 10
15 30 33 34 37   5 7
 6  7  8 26 34   4 10
 8 10 15 25 31   3 4
15 30 33 34 37   5 7
 6  7  8 26 34   4 10
 8 10 15 25 31   3 4
* Piernik Marcin     M    BIGBPLPWXXX   PL65123456780000444412300678  4/12/2016  0123456789
 6  7  8 26 34   4 10
 8 10 15 25 31   3 4
* Anderson Pamela    f    DEUTPLPXXXX   PL67123456784444000010045678     1/5/2016   0123456789
 6  7  8 26 34   4 10
 8 10 15 25 31   3 4
15 30 33 34 37   5 7
 6  7  8 26 34   4 10
 8 10 15 25 31   3 4
15 30 33 34 37   5 7
 6  7  8 26 34   4 10
 8 10 15 25 31   3 4
* Lopez Jennifer      f   DEUTPLPXXXX   PL67123456780000333312345678     21/12/2016  0123456789
 6  7  8 26 34   4 10
 8 10 15 25 31   3 4
15 30 33 34 37   5 7
 6  7  8 26 34   4 10
 8 10 15 25 31   3 4
15 30 33 34 37   5 7
* Krupa Joanna        f   RCBWPLPWXXX   PL56123456780000000012345000    19/11/2016  0123456789
 8 10 15 25 31   3 4
* Mucha Anna          f   INGBPLPWXXX   PL54123456780000222212300078     12/10/2016  0123456789
 6  7  8 26 34   4 10
 8 10 15 25 31   3 4
15 30 33 34 37   5 7
15 30 33 34 37   5 7
 6  7  8 26 34   4 10
 8 10 15 25 31   3 4
15 30 33 34 37   5 7
* Zeta-Jones Catherine f  RCBWPLPWXXX   PL47123456780000111100005678    27/9/2016   0123456789
 6  7  8 26 34   4 10
 8 10 15 25 31   3 4
15 30 33 34 37   5 7
15 30 33 34 37   5 7
* Moore Demi          f   RCBWPLPWXXX  PL47123456780000111100005678     2/9/2016    0123456789
 6  7  8 26 34   4 10
 8 10 15 25 31   3 4
15 30 33 34 37   5 7
 6  7  8 26 34   4 10
 8 10 15 25 31   3 4
15 30 33 34 37   5 7
* Brosnan Pierce      m   RCBWPLPWXXX  PL47876543211111000012345678     9/8/2016    0123456789  
 6  7  8 26 34   4 10
 8 10 15 25 31   3 4
15 30 33 34 37   5 7
