24
0 1 1 0.5
0 1 7 1
0 1 8 2
1 0 0 0.5
1 0 2 2
2 0 1 2
2 0 3 4
2 0 5 3
2 0 6 1
3 1 2 4
3 1 4 3
3 1 5 4
4 0 3 3
4 0 12 2
4 0 14 1
5 0 2 3
5 0 3 4
5 0 7 3
5 0 11 1
5 0 12 10.5
6 0 2 1
6 0 7 1
7 0 0 1
7 0 5 3
7 0 6 1
7 0 8 1
7 0 10 0.5
7 0 11 2
8 0 0 2
8 0 7 1
8 0 9 2
9 0 8 2
9 0 10 0.5
9 0 23 2
10 0 7 0.5
10 0 9 0.5
10 0 22 0.5
11 1 5 1
11 1 7 2
12 1 4 2
12 1 5 10.5
12 1 13 0.5
12 1 16 0.5
12 1 17 0.5
13 0 12 0.5
13 0 14 2
13 0 16 0.5
14 0 4 1
14 0 13 2
14 0 15 0.5
15 0 14 0.5
15 0 16 2
15 0 18 1
16 0 12 0.5
16 0 13 0.5
16 0 15 2
16 0 17 2
16 0 18 2
16 0 20 2
17 0 12 0.5
17 0 16 2
17 0 21 0.5
18 0 15 1
18 0 16 2
18 0 19 1
18 0 20 1
19 0 18 1
20 0 16 2
20 0 18 1
20 0 21 1
21 0 17 0.5
21 0 20 1
21 0 22 1
22 0 10 0.5
22 0 21 1
22 0 23 1
23 0 9 2
23 0 22 1